14
-81 -60 -14 37 11 51 5 -73 -29 3 47 -5 94 45 -74
52 2 7 31 -54 92 28 -85 96 21 43 -20 83 65 39
-53 -19 37 -74 38 -17 -16 28 6 -4 37 -67 -94 17 -17
54 14 -47 72 84 -36 -10 -22 23 99 27 -17 -97 -74 52
0 -28 -54 1 -97 -35 -71 -67 -89 9 7 -39 8 -72 -51
-91 -85 8 26 23 2 -42 -16 -20 17 -42 -17 12 -73 2
70 -71 -21 -47 -81 68 -100 73 51 -29 35 -24 -62 -42 -57
13 -95 87 42 -82 45 29 -95 17 21 45 -67 -20 -90 77
19 -63 58 -100 -22 -58 86 -97 59 -58 24 -92 10 -67 9
14 76 99 13 78 74 -40 70 42 -44 74 9 -57 -49 97
-32 -91 -97 27 66 84 -97 37 9 -47 -22 32 -38 13 15
-82 12 -52 -50 -42 91 40 -37 64 61 -29 -31 22 -62 75
-78 -47 -25 -78 -96 -55 79 58 -80 32 72 11 33 -99 -95
81 97 -94 -9 -87 -69 14 88 -78 -65 -9 93 23 55 -10
